0
0
0
!DivideByZeroException
!DivideByZeroException
0
0
0
0
0
!DivideByZeroException
!DivideByZeroException
0
0
0
0
0
0
0
1
0
0
1
0
1
0
1
0
1
1
-1
0
0
0
0
0
0
1
1
0
0
0
1
-1
0
1
!OverflowException
0
0
1
1
1
0
0
1
1
0
0
2147483647
-2147483647
0
0
0
0
0
0
2147483647
2147483647
0
0
0
2147483647
-2147483647
0
2147483647
!OverflowException
0
0
1
1
1
0
0
1
1
0
0
-2147483648
-2147483648
0
0
0
0
0
0
-2147483648
-2147483648
0
0
0
-2147483648
!OverflowException
0
-2147483648
!OverflowException
0
0
1
0
0
1
1
1
1
0
0
-1
1
0
0
0
0
0
0
-1
-1
0
0
0
-1
1
0
-1
!OverflowException
0
0
1
0
0
1
1
1
1
0
0
1
1
0
!DivideByZeroException
!DivideByZeroException
1
1
0
1
1
!DivideByZeroException
!DivideByZeroException
1
1
1
0
1
1
0
0
1
0
0
1
1
0
0
1
1
2
0
1
1
0
2
0
1
1
0
1
0
0
2
0
1
2
0
1
1
0
0
1
0
1
0
1
0
1
-2147483648
-2147483646
2147483647
0
1
-2147483648
0
1
2147483647
2147483646
0
1
0
!OverflowException
-2147483646
2147483647
-2147483648
!OverflowException
2147483647
0
1
1
1
0
0
1
1
0
0
-2147483647
-2147483647
-2147483648
0
1
1
1
0
-2147483647
-2147483647
0
1
1
-2147483647
!OverflowException
-2147483648
-2147483647
!OverflowException
-2147483648
0
1
0
0
1
1
1
1
0
0
0
2
-1
-1
0
-2147483648
0
1
-1
-2
0
1
0
0
2
-1
!OverflowException
!OverflowException
-1
0
1
0
0
1
1
1
1
0
0
2147483647
2147483647
0
!DivideByZeroException
!DivideByZeroException
2147483647
2147483647
0
2147483647
2147483647
!DivideByZeroException
!DivideByZeroException
2147483647
2147483647
2147483647
0
2147483647
2147483647
0
0
1
0
0
1
1
0
0
1
1
-2147483648
2147483646
2147483647
2147483647
0
-2
1073741823
1
2147483647
2147483646
2147483647
0
1073741823
!OverflowException
2147483646
2147483647
-2147483648
2147483646
2147483647
0
1
0
0
1
1
0
0
1
1
-2
0
1
1
0
-2147483648
0
2147483647
2147483647
0
1
0
0
!OverflowException
0
!OverflowException
-2
0
!OverflowException
1
0
0
1
0
1
0
1
0
1
-1
-1
-2147483648
0
2147483647
2147483647
2147483647
0
-1
-1
0
2147483647
2147483647
-1
!OverflowException
!OverflowException
-1
!OverflowException
!OverflowException
0
1
0
0
1
1
1
1
0
0
2147483646
-2147483648
-2147483647
-2147483647
0
-2147483648
0
2147483647
-1
-2147483648
0
2147483647
0
2147483646
!OverflowException
-2147483647
!OverflowException
!OverflowException
!OverflowException
0
1
0
0
1
1
1
1
0
0
-2147483648
-2147483648
0
!DivideByZeroException
!DivideByZeroException
-2147483648
-2147483648
0
-2147483648
-2147483648
!DivideByZeroException
!DivideByZeroException
-2147483648
-2147483648
-2147483648
0
-2147483648
-2147483648
0
0
1
1
1
0
0
0
0
1
1
-2147483647
2147483647
-2147483648
-2147483648
0
0
-1073741824
0
-2147483647
-2147483647
-2147483648
0
1073741824
-2147483647
!OverflowException
-2147483648
-2147483647
2147483647
-2147483648
0
1
1
1
0
0
0
0
1
1
-1
1
-2147483648
-1
-1
0
-1
0
-1
-1
1
1
1
-1
!OverflowException
!OverflowException
-1
1
!OverflowException
0
1
1
1
0
0
0
0
1
1
0
0
0
1
0
-2147483648
-2147483648
-2147483648
-2147483648
0
1
0
-2147483648
!OverflowException
0
!OverflowException
!OverflowException
0
!OverflowException
1
0
0
1
0
1
0
1
0
1
2147483647
-2147483647
-2147483648
!OverflowException
!OverflowException
0
-1
-2147483648
-1
2147483647
0
-2147483648
1
!OverflowException
-2147483647
!OverflowException
!OverflowException
!OverflowException
!OverflowException
0
1
1
1
0
0
1
1
0
0
-1
-1
0
!DivideByZeroException
!DivideByZeroException
-1
-1
0
-1
-1
!DivideByZeroException
!DivideByZeroException
-1
-1
-1
0
-1
-1
0
0
1
1
1
0
0
0
0
1
1
0
-2
-1
-1
0
-2
-1
1
-1
-2
-1
0
2147483647
0
-2
-1
!OverflowException
-2
-1
0
1
1
1
0
0
0
0
1
1
2147483646
-2147483648
-2147483647
0
-1
-2147483648
-1
2147483647
-1
-2147483648
2
1
1
2147483646
-2147483648
-2147483647
!OverflowException
-2147483648
!OverflowException
0
1
1
1
0
0
0
0
1
1
2147483647
2147483647
-2147483648
0
-1
-1
-1
-2147483648
-1
2147483647
1
2147483647
-1
!OverflowException
2147483647
!OverflowException
!OverflowException
2147483647
!OverflowException
0
1
0
0
1
1
0
0
1
1
-2
0
1
1
0
-2147483648
-1
-1
-1
0
1
0
1
-2
0
1
!OverflowException
0
!OverflowException
1
0
0
1
0
1
0
1
0
1
